212
1512
1744
4822
7146
7347
7782
9392
9534
10048
12830
13854
19808
17005
26629
23824
33412
41218
56271
52424
3662
15434
28710
27085
26842
19064
56452
995
5936
10256
9450
11759
17011
18405
23718
47912
50522
54452
57311
57302
500
8966
18382
56380
1404
2609
3532
4280
11669
11829
11598
16316
20652
19597
22790
24262
26338
32856
33612
34231
35728
37900
38304
45521
48018
47244
49240
51618
51356
52694
52738
56590
56808
57564
588
1404
1930
2010
3060
3456
6289
6843
8283
9687
10256
11283
12808
14650
14796
23212
23886
24006
27468
32359
35630
39891
41218
46770
46938
47291
48228
48912
49487
49491
50896
54666
57575
58022
