23,3
37,7
85,7
131,7
156,5
164,1,6
170,1,9
203,3
333,3,1
395,3
474,2,1
565,1
575,7,1
597,3,0
641,7
647,7
711,4,9
717,3
744,7
774,3
781,6
788,3
799,0,1
802,2
875,1,5
989,0
1078,9
1237,6,1
1264,9,1
1267,2,1
1269,2
1284,9
1303,4,1
1374,1
1552,9,6
1595,4
1610,9,1
1639,1
1644,4
1780,5,2
1840,7
1850,2
1871,0,9
1895,3
1963,9,3
1991,1,5
1993,5,1
2002,9,1
2030,7
2054,9
2196,1
2225,1
2298,8,9
2324,3
2359,3
2406,3
2416,3
2418,1
2484,2
2491,9
2583,6,1
2617,0
2641,2
2673,4,1
2733,5
2768,9
2841,1
2907,2,1
3016,3
3158,5
3168,6,1
3189,1,4
3196,9
3225,7,4
3235,2
3311,6
3401,6,1
3442,4
3464,4
3474,2
3545,9
3568,3
3703,3
3708,2
3729,6
3746,5
3868,9
3889,2,3
3925,1
3927,1,3
3961,2,1
3973,4
3988,7
3995,5
4020,3
4123,1,6
4167,6,1
4197,3
4206,1
4288,3
4293,1,2
4302,3
4305,4,1
4307,4
4328,4
4452,9,1
4462,3
4538,9
4632,1
4714,7
4727,2
4730,2,1
5142,6
5214,9
5223,1
5309,1
5343,2,1
5510,5
5541,3,0
5587,1,0
5618,1,2
5717,2
5747,1
5921,9
5947,1
6019,1,2
6096,6,1
6125,9,6
6142,0
6243,4
6251,1,4
6262,6
6405,3
6443,5,9
6532,1,4
6599,1,9
6658,3
6676,7
6852,1,6
6924,1
6926,9
6939,7
6949,1
6951,9,1
6978,5
6994,3
7043,4
7064,6
7166,2,1
7234,1,9
7317,4
7359,1
7379,1
7393,6
7487,3,1
7532,3,9
7533,3
7577,1,7
7818,1
7850,2,1
7880,3
7945,7
8002,9
8025,2
8063,1,6
8069,6
8109,7
8202,9
8251,3
8302,3,5
8344,1
8367,7
8413,9
8934,0
8948,5
9022,1
9135,3
9142,6
9201,7,1
9338,3,1
9399,3
9479,3
9574,0,3
9782,1,6
10013,6,9
10014,1,5
10033,5
10039,1
10073,9,7
10119,1,5
10133,1
10193,3
10195,6
10203,1
10306,9
10314,1
10349,6
10359,1
10360,9
10471,5,1
10477,4,1
10536,4,1
10556,5
10624,9,2
10676,3,6
10739,1,5
10740,5
10744,5
10750,1
11088,7
11095,8
11279,4,1
11357,3
11411,7
11463,5
11466,6
11492,9,3
11624,1
11649,1
11713,2
11752,3
11776,1
11836,3
11904,1
11938,3
11947,5
12106,1,6
12122,1
12143,9
12186,9
12209,0,1
12221,1,6
12240,6
12284,0
12332,3,1
12386,3
12410,1
12556,5
12563,9
12635,1,6
12885,1
12903,1
13059,2,1
13062,3
13104,5
13126,7,1
13155,9
13247,3
13319,4
13329,3
13413,9
13568,1
13592,5
13762,4,0
13818,7
13887,4
13927,4,1
13935,7
13939,6,9
14094,2
14102,7
14148,3
14177,9
14214,7
14322,1
14440,1,4
14476,6,1
14575,3
14680,7,1
14701,9
14712,0,1
14791,0
14805,1
14827,4
14876,8
14884,6
14986,3,9
15018,4
15106,9
15155,2
15192,6
15217,3
15227,1
15283,7
15362,5
15383,3,9
15530,1,4
15569,1,6
15606,1
15613,7
15675,1
15700,3
15771,6
15896,2
15947,4
15955,8,9
15964,8
16032,7
16034,2,5
16050,2
16101,4
16187,7
16202,2,1
16221,2
16259,8
16279,2
16403,1
16418,3,9
16439,2
16477,7
16510,5,3
16522,3
16583,3
16627,3,1
16775,8,1
16833,7
16835,5
16874,6
16885,9,1
16908,1
16916,1,6
16948,1,4
17044,7
17104,3,7
17109,9
17181,7
17200,0
17204,6
17228,9
17238,1,6
17263,9
17446,3
17516,8,0
17551,9
17598,2
17600,9
17735,2
17822,9,7
17884,0,1
17904,3
17915,2
18025,9
18070,6
18337,1
18346,5
18366,1,3
18493,7
18563,5
18685,5
18714,5
18747,0,2
18794,1,6
18807,4,3
18816,6
18958,5
18964,2
18985,5,1
19017,0,1
19039,2
19059,1
19077,6
19151,3
19158,2
19227,8
19278,7
19401,5
19414,3,1
19508,6
19537,5
19739,7,9
19746,1,4
19843,8
19864,3
19933,5
19944,1
19948,8
19994,3
20020,5
20034,3
20128,8
20176,9
20196,3
20215,1,3
20240,6
20246,1
20257,0,1
20343,0
20362,1
20412,5
20423,7
20435,7
20487,6
20593,9,3
20609,6,3
20672,5
20691,9,3
21009,5
21058,8,1
21070,3
21163,2
21327,1
21438,6,1
21523,9
21621,6
21661,1
21727,3
21749,3,1
21792,5
21899,4
21900,2
21937,6,1
21970,6,1
21980,1,4
22004,9
22071,3
22227,1
22231,3
22232,5
22233,9
22242,6
22347,6,1
22456,3
22518,8
22531,1,9
22554,7,9
22662,3
22715,9
22781,2
22916,0,3
23010,0,9
23029,4
23046,5
23093,5
23158,0
23174,9
23185,5
23201,8
23245,0
23251,9,1
23288,2,1
23353,3
23378,3
23399,8
23406,1,6
23411,6,1
23460,3
23492,1
23519,9
23552,2,5
23570,6,1
23697,6
23702,3
23724,5,1
23778,7
23796,0
23834,7
23937,1
23947,5
24022,3
24076,9,1
24117,9
24147,3,9
24308,4,3
24398,1
24416,7
24488,0,1
24496,3,1
24508,7,9
24516,3
24665,1
24730,9
24768,7,1
24775,3
24838,1
24862,7,9
24889,4
24890,7,5
24897,6
24904,3,9
24933,1
24958,3,9
24961,3
24972,6,1
25038,1,2
25074,3
25085,9
25106,0
25118,8,9
25180,5
25189,0,1
25222,2
25291,1
25314,1
25339,0
25341,3
25365,7
25366,1
25371,4,1
25416,3,9
25444,1
25452,5
25539,7,9
25591,2
25665,2
25768,4
25782,3
25846,1
25884,2
25893,9
25914,3,1
25989,2
25999,3
26009,3
26069,9
26122,6
26148,2
26163,7,9
26230,1
26295,1
26343,7
26354,5
26360,9
26434,1
26461,6
26500,1
26534,3
26584,4
26692,7,9
26738,9,5
26778,1,0
26834,1,3
26845,5
26929,8
26946,9
26979,4,1
27117,6
27265,5
27413,3
27501,4,1
27555,2
27646,0
27767,6
27805,5,1
27815,9
27850,0,1
27869,5,3
27891,9
27966,2
27984,2
28057,1
28142,3
28182,7
28200,9,4
28360,0,9
28448,9,1
28467,0
28477,3
28489,6,1
28536,5
28608,3
28644,1
28646,2
28648,2
28667,3
28670,7
28708,2
28725,3,1
28749,6,1
28777,5
28843,5,7
28903,7
28912,9
28939,1
29064,7,1
29147,1
29178,7
29217,1
29231,1
29291,4,3
29304,5
29310,1
29313,3
29368,9,1
29373,5
29449,3
29451,3
29566,5
29604,9
29610,4,1
29645,1,2
29715,5
29742,0,1
29780,9
29813,1
29816,5
29876,1
29979,3
30017,5
30046,5,1
30060,3
30135,1
30139,2,3
30242,1
30266,3,9
30325,2
30522,1
30536,1,6
30581,7
30703,5
30727,1,6
30812,1,9
30931,9
30942,4,1
30964,3,9
31005,3
31167,3
31404,3
31516,5
31544,3
31614,2
31639,3,6
31735,4
31746,7
31764,7
31867,5
31872,8
31877,5
31896,0,1
31911,9,1
31914,7
31942,1
31974,3
32007,9,4
32094,4,7
32105,1
32152,7,1
32196,1,5
32283,0
32286,7
32344,6
32371,3
32391,1
32392,3
32558,3
32595,1,9
32606,1
32677,5
32692,4
32717,9
32795,5
32803,1
32809,2
32813,3
32901,1,4
32938,3
32976,5
32982,3
33006,5
33014,8
33021,0
33110,9
33136,1,5
33137,2
33138,5
33141,1,9
33197,4
33216,6,3
33273,4,1
33291,9,2
33333,5
33334,1,4
33352,1
33487,9
33557,1
33657,1
33682,5
33834,2
33847,1
33889,1,5
33971,1
34006,9,3
34045,6,1
34084,1
34095,5
34124,2
34144,3
34165,7
34176,1
34334,3
34337,1
34368,1
34396,3
34541,5
34543,1,6
34607,8,0
34661,3,1
34719,7
34740,6
34820,6,1
34961,6,9
34992,1,6
35026,3
35075,2
35156,4,1
35175,1
35357,1
35517,1,4
35602,9
35627,5
35631,1,7
35637,6
35727,1
35765,2
35767,7
35771,2,1
35892,1,5
35894,8
35992,1,8
36026,3
36045,1,9
36070,2
36095,2
36177,1,3
36188,1
36246,5
36328,7
36344,2
36353,0
36521,9
36554,3
36587,5
36683,9
36702,1,6
36796,5
36845,2,1
36922,6
36946,3
36956,5,1
36961,3
37005,3,9
37031,9,1
37050,9
37077,6
37142,7
37223,3
37274,1,4
37286,9,7
37343,3
37523,3,9
37572,2
37791,7,1
37861,3
37884,7
37902,7
37921,5
37924,1,3
38017,9
38400,3
38485,3
38563,2
38588,9,1
38667,1,7
38678,7
38686,8,1
38786,6,1
38830,0
38879,1,3
38923,1
38926,9
38944,5,1
39002,5,1
39054,6
39096,9
39108,3
39110,2,1
39146,1
39161,6
39165,3
39218,1
39224,6
39287,3
39442,8,9
39486,1
39492,2
39494,7
39495,7
39536,7
39573,1,4
39633,7
39704,1,8
39722,5
39897,1
39903,3,9
39950,3,1
40017,2
40031,9
40104,0,1
40117,9
40169,1,8
40180,5
40196,1,3
40273,6
40368,9
40400,3
40528,2
40530,4
40534,2
40551,1
40568,9
40661,1
40664,9,1
40766,9,1
40932,5
40940,5
40956,0
40989,5,1
41102,3
41113,5
41120,3
41127,2
41130,0,5
41205,7,9
41207,1
41265,1
41384,9,3
41397,1,7
41423,2
41437,7
41458,2
41459,3,0
41533,3,1
41549,1,3
41556,2,1
41577,2,1
41661,2
41692,5
41726,4,1
41759,5,9
41803,7
41921,3,6
41925,2
41933,2
41944,3
41978,1
42013,6
42043,2
42080,1,9
42133,3,9
42146,7
42293,5
42364,0
42428,3
42530,5
42535,1
42562,6
42610,7
42806,3
42942,9,2
43057,2
43085,1
43208,1
43222,4
43290,1
43315,5,0
43345,5
43373,6,1
43402,3,9
43410,1
43450,1,5
43502,1
43517,4,1
43538,1,6
43554,3,9
43594,6
43671,7
43694,1
43749,3,9
43845,3
43880,6
43923,1
44054,1
44106,5
44125,7
44163,6
44193,2
44195,1
44232,3
44344,2
44381,3,1
44410,9
44439,5
44461,1,0
44497,1,5
44513,3
44604,7
44821,5
44826,7
44838,9,1
44990,5
45007,5,1
45042,2
45048,9,1
45199,1,4
45247,6
45248,9
45281,9
45310,3
45331,5,1
45411,0,2
45414,2,1
45532,3,2
45592,6
45616,1
45709,1
45774,6
45808,7,1
45855,2
46058,3
46082,2
46110,3
46184,7
46208,6
46352,3
46490,9
46500,3
46505,8,9
46577,6
46724,2
46735,8,1
46761,8
46762,5
46776,1
46798,0,2
46799,1
46806,7,1
46846,6
46890,9,5
46912,1
46923,3
46927,5
46931,9,1
46977,3
46985,8
47066,9
47146,3
47273,2
47348,7,4
47360,2,1
47399,9
47484,6
47528,5
47538,1
47570,4
47580,6
47625,5
47672,5,2
47801,3
47949,5
47960,8,1
47976,6
47988,5
48020,7
48043,1,6
48049,6
48176,1,6
48211,4
48247,8
48302,5
48305,1
48306,3
48392,2
48459,8
48492,1,9
48563,4,1
48630,3
48674,5,0
48683,5
48784,2
48928,3
49062,6,9
49126,7
49131,3
49182,8
49276,0,9
49329,2
49333,5
49392,1
49414,4
49437,5,1
49492,3,9
49499,3
49523,5
49645,1
49666,2
49741,3
49751,4
49798,6,3
49836,1
49900,9,3
49984,4
