11,5
24,1
28,2
34,0
65,5
66,6
73,6
94,8
99,1
120,2
129,6
134,1
145,5
147,6
148,7
160,8
165,6
168,7
173,5
175,5
180,2
191,5
198,3
204,6
212,7
214,7
219,5
223,7
224,1
239,5
259,5
266,5
273,5
282,9
311,6
320,0
330,3
332,5
340,7
352,8
377,7
384,7
387,7
407,5
417,5
437,5
440,0
444,2
446,7
449,6
456,8
463,5
478,7
491,1
494,0,6
505,7
508,1
509,3
517,8
523,5
524,0
537,5
544,5
547,6
560,7
567,7
573,1
579,5
597,6
604,1
611,7
622,5
634,7
644,7
649,6
650,2
667,0
668,0
671,1
688,2
691,1
701,6
719,5
742,4
771,5
775,5
778,5
792,8
802,6
810,6
816,6
819,7
829,6
842,4
844,2
845,5
862,2
879,5
880,7
884,7
886,5
899,5
904,7
905,1
908,7
912,5
918,7
921,5
924,5
944,6
958,6
960,5
964,5
969,7
970,5
982,1
984,0
985,5
991,4
1007,3
1019,7
1022,7
1031,1
1032,3,5
1045,8
1070,6
1071,5
1075,7
1079,4,1
1080,1
1081,1
1088,7
1089,5
1108,3
1109,5
1111,5
1120,8
1126,7
1136,6
1137,0
1139,6
1148,1
1154,7
1200,1
1206,5
1208,7
1227,4
1234,3
1263,5
1265,5
1271,4
1283,5
1297,6
1301,2
1311,5
1313,5
1324,5
1325,5
1327,6
1340,5
1374,2
1375,1,8
1390,2
1404,6
1408,4
1412,7
1418,6
1420,5
1422,7
1423,0
1430,5
1433,5
1437,7
1442,5
1443,0
1466,6
1467,5
1473,4
1481,5
1485,5
1490,5
1522,9
1526,5
1531,2
1545,4
1556,5
1559,3
1570,7
1573,2
1575,5
1577,5
1582,6
1587,5
1597,1
1609,2
1618,7
1638,5
1639,7
1648,2
1656,7
1674,9
1690,5
1699,1
1702,5
1713,8
1726,6
1746,7
1770,7
1789,7
1803,7
1813,5
1821,7
1830,6
1832,7
1846,7
1847,5
1854,4
1867,5
1876,0
1887,5
1891,7
1901,8
1916,0
1946,7
1947,2
1956,0
1961,5
1965,5
1991,5
1996,5
2000,5
2010,2
2018,7
2020,6
2026,8
2034,4
2038,5
2049,5
2090,7
2091,5
2125,2
2134,1
2143,5
2156,6
2165,5
2168,7
2201,2
2209,5
2211,5
2215,8
2220,6,4
2250,5
2270,2
2274,9
2282,5
2287,5
2293,6
2295,6
2300,6
2302,8
2313,5
2332,2
2342,2
2343,5
2345,6
2352,0
2363,5
2384,8
2387,6
2397,6
2401,5
2414,5
2433,7
2444,8
2445,5
2459,6
2464,2
2477,7
2479,6
2487,6
2504,6
2506,3
2515,5
2523,6
2537,5
2545,6
2546,4
2549,5
2551,5
2570,6
2580,3
2592,5
2612,7
2620,5
2622,5,8
2626,2
2627,3
2636,8
2648,2
2650,7
2653,7
2659,7
2660,3
2673,7
2682,8
2690,5
2701,7
2710,6
2723,6
2728,9
2733,2
2739,5
2751,3
2768,8
2775,5
2791,1
2798,9
2803,3
2805,8
2825,7
2831,1
2840,2
2845,8
2871,3
2884,6
2907,1
2909,7
2910,6
2912,5
2916,5
2921,5
2950,7
2958,8
2965,5
2968,5
2978,6
2980,7
2984,7
2985,7
2992,6
3007,5
3025,5
3030,9
3059,7
3060,7
3064,2
3070,1
3079,7
3085,5
3097,6
3100,4
3115,6
3123,6
3128,0
3140,7
3172,6
3185,5
3204,5
3210,7
3214,7
3216,5
3221,6
3246,7
3254,8
3255,7
3340,4
3522,7
3692,1
3718,7
3824,3
4050,9
4098,9
4124,9
4156,3
4332,7
4459,9
4522,4
4694,3
4802,4
4850,3
4955,2,3
5002,4
5113,2
5278,4
5308,7
5538,9
5545,2
5691,1
5718,9,4
5898,9
5936,4
6174,9
6345,9
6418,5
6498,8
6608,4
6714,4
6810,4
6848,0,5
6871,7
6887,4
6898,3
7233,9
7264,9
7270,6
7308,1,8
7434,6
7438,7
7884,5
7886,9,3
7920,2
7922,9
7972,6
8055,3
8093,0
8196,7
8297,7,8
8316,9
8409,9
8493,2
8586,9
8637,7
8762,3
8832,4
8853,2
8883,2
8904,1,2
8998,9
9075,6
9192,3
9383,2
9390,9
9532,9
9558,4
9633,9
9658,2
10028,9
10241,4
10243,7
10245,0
10287,7
10297,7
10309,7
10331,4
11074,9,3
11080,7
11196,9
11592,6
11611,8
11681,8
11797,3
11886,4
11937,7
12151,3
12224,4
12297,9
12651,9
12820,4
12840,9
12877,3
12884,9
12993,7
13002,9
13056,7
13061,2
13068,4
13131,7
13182,5
13187,7
13265,9
13548,4
13842,7
13854,0,6
13867,7
13883,7
13922,2
13964,6
14222,9,5
14314,1
14337,7
14374,6,1
14405,6
14406,8
14440,9,4
14602,4
14619,3
14627,9
14664,8
14681,9
14697,8
14740,4,6
14753,1
14756,1
14815,9
15106,7,8
15209,7
15213,7
15276,7
15327,7
15328,2
15352,4,6
15450,6
15526,6
15554,7
15743,3
15745,9
15779,0
15887,2
16130,7,1
16376,1,8
16510,3
16756,7
16808,9
16964,8
17055,8
17091,4
17192,3
17216,2
17420,7
17478,4
17521,3
17682,9
17698,9
18088,4
18122,7
18288,8
18440,5
18631,2
18688,9
18720,7
18751,4
18754,7
18864,2
18962,7
19034,4
19252,4
19494,9
19501,3
19534,7
19702,5
19842,7
19869,7
19886,2
19926,2
20054,9
20171,5
20211,4,9
20226,7,2
20265,2
20280,7
20333,9
20652,4
20735,9,0
20830,9
20967,2
21066,0,8
21130,9,4
21134,4
21218,9
21240,7
21303,2
21445,0,9
21457,8
21636,2
21642,4
21786,9
21816,7
21889,1,8
22169,2
22199,2
22240,6
22390,9
22442,2
22514,9
22559,6
22561,6,8
22607,8,4
22643,3,2
22701,2
22725,9
22759,7
22884,2,8
23086,8
23106,2
23463,9
23618,9,4
23682,9
23730,2,3
23978,7
24263,9
24278,3
24489,9
24614,5
24624,1
24794,2
24864,5
24906,3
25048,4
25116,3
25140,7
25287,1
25307,1,8
25520,6
25528,9
25620,8
25722,4,7
25888,7
26358,3
26398,5
26444,1
26516,6
26544,4
26600,7
26640,9,3
26749,7,9
26834,9
26940,6,8
26964,7
27225,7
27370,9
27545,8
27674,6
27791,2
27812,6
27837,7
27852,2
27883,2
28102,0
28149,9
28152,6
28417,7
28463,9
28556,4
28685,2
28696,7
28801,2
28810,6
28984,9
29094,3
29124,9
29201,9
29217,6
29238,7,9
29249,3
29345,0
29440,7
29450,7
29803,6
29843,6
29868,9
30022,9
30123,8,0
30183,3
30432,7
30508,1
30770,6
30811,2
30953,4
31016,2
31100,7
31103,8
31225,9
31252,5
31274,3
31310,0,8
31404,3
31460,7
31482,3
31576,7
31675,9
31712,7
31793,4
31854,9
31883,4
31962,3
32002,6
32030,8
32108,4,0
32269,2
32282,7
32328,4
32344,5
32346,7
32416,7
32419,4,9
32519,5
32700,7
32735,8
32829,4
32835,7
33017,7
33027,2
33145,3
33246,9
33262,4
33362,7
33388,8,9
33506,1,4
33626,6,4
33805,4
33856,1
33860,9
33900,4
34010,1,3
34048,3,2
34122,5
34176,9
34385,2
34496,9
34640,1
34685,3
34750,9
34761,9
34824,9
34942,9
35032,7
35062,5
35098,4
35246,8
35263,4
35310,6
35401,3
35482,4
35543,9
35593,9
35606,2
35716,4
35736,6
35774,1
35878,9
35904,4
36109,9
36152,7
36363,6
36475,2
36486,9
36494,4
36515,3
36774,5
36852,3
37076,4
37147,7
37161,3
37328,4
37336,6
37358,5
37373,3
37383,3
37477,6
37502,6
37769,7
37877,9
38052,4
38080,2
38165,5
38188,4
38230,9,3
38329,7
38349,7
38374,7,1
38389,7
38390,6
38506,7
38520,3
38672,7
38920,7
38980,6
39038,7
39107,7
39162,2
39260,6,0
39276,7
39289,7
39293,9
39301,3
39320,6
39329,3
39377,5,9
39425,7,9
39526,5
39683,6,0
39709,6
39767,6
39776,1
39979,2
40076,2
40236,4
40304,6
40378,7,2
40465,7
40536,2
40660,4
40835,4
40874,6
41002,7
41072,5
41134,6
41254,9
41284,7
41290,2
41334,9
41426,4
41509,5
41556,0
41594,4,9
41626,4
42161,3
42180,0
42206,2
42344,9
42356,9
42669,3
42723,6
42782,7
42789,2
42826,7,9
42892,7
42933,4
42973,4,0
43034,9,5
43191,2
43248,9
43592,6
43670,7,3
44046,1
44640,7
45005,3
45012,5
45038,4
45094,2
45114,7
45201,9
45422,0
45428,7
45455,0
45615,7
45666,1
45720,7
45784,9
45917,9
45933,5
46015,1
46058,1
46073,5
46078,7,1
46122,2
46154,8
46167,6
46174,7
46238,9
46242,3
46288,2,9
46324,4
46537,9
46709,3
46744,7
46756,8
46887,2
46938,7
46976,6,4
47110,7
47159,4
47264,7,9
47291,1
47292,9
47417,7
47475,5
47479,0,2
47600,9
47781,3
47826,4
47888,8
48095,7
48166,7
48228,7
48245,9
48282,4
48370,6
48382,8
48520,4
48568,6
48603,9
48681,2
48786,4
48890,4
48900,1
48912,2
48933,2
49002,1,4
49006,3,5
49070,2
49078,4
49120,7
49143,9,7
49398,4
49408,2
49416,2
49515,2,0
49544,9
49574,9
49590,7
49598,2
49656,9
49692,4
49741,4
49893,3
49945,9
49998,4
50005,4
50239,0,9
50322,5
50414,9,3
50417,3
50467,9
50618,6
50698,0,9
50826,2
50916,4
51180,7
51280,9,4
51284,9
51298,5
51660,2
51988,7
52140,4
52233,6
52394,3
52516,6
52600,4
52738,1
52744,7
52800,3,9
52814,9
52914,5,3
52975,2
53052,4
53098,1,8
53112,8
53320,6
53390,2
53680,7,9
53867,4
53975,3
53976,9,8
54506,2,1
54521,4
54623,7
54778,4
54858,3
54951,2
54983,3
55034,7
55052,7
55168,6,8
55374,7
55598,4,9
55636,9
55739,5,6
55792,9,3
55833,2
55906,2
55918,7
56004,8
56190,4
56225,3
56303,9
56464,9
56564,4
56648,4
56672,1,8
56714,1
56878,6
57041,0,9
57076,1,4
57082,4,9
57211,5
57311,5
57315,8
57457,3
57573,2
57630,4
57890,2
57976,2
58022,1,7
58050,6
58246,6
58316,0
58349,7
58430,6
58539,9
58692,9
58802,5
58892,3
58931,3
59314,9
59401,4
59460,1
59663,8
59726,5
59747,5
