0,5
24,1
42,7
70,1
132,1,5
148,7
212,7
224,1
282,9
292,4
384,7
391,2
414,4
494,0,6
500,2,3
514,5
559,8
704,9
746,4
842,4
850,4
906,4
933,7
966,3
969,7
974,9
982,1
991,4
995,7
1023,7
1030,4
1032,3,5
1034,2
1035,3
1049,0
1055,3
1070,6
1088,7
1127,7
1134,2
1136,6
1137,0
1165,2
1222,5,3
1259,1,8
1269,6
1271,4
1287,1
1320,3
1357,3
1364,9
1375,1,8
1380,4
1404,6
1408,4
1512,0
1518,9
1522,9
1554,4
1561,2
1618,7
1674,9
1772,7
1784,6
1812,4
1814,4
1854,4
1875,9
1920,2,8
2052,4
2069,4
2098,7,3
2108,7
2125,2
2134,1
2202,1
2213,7
2220,6,4
2274,9
2320,6
2322,2
2406,4
2426,7
2536,3
2550,2
2554,3,5
2569,4
2715,4
2720,7
2726,3
2728,9
2764,9,7
2768,8
2772,4
2800,4
2803,3
2831,1
2858,1
2884,6
2931,3
2933,5
2950,7
2960,3
3000,9
3030,9
3072,4
3100,4
3123,6
3210,7
3218,4
3340,4
3402,3
3470,2
3484,4
3498,7
3504,4
3522,7
3532,7,1
3579,7
3612,0
3636,9
3662,9,1
3691,0
3692,1
3716,4
3718,7
3751,7
3760,9
3762,8
3795,7
3824,3
3941,3
3980,2
4005,2
4014,1
4050,9
4098,9
4124,9
4156,3
4172,4
4201,0
4205,4
4226,7
4228,4
4264,4
4292,4
4331,7
4332,7
4402,6
4438,9,4
4459,9
4488,0
4504,1
4510,3
4522,4
4578,8
4638,3
4641,4
4654,1
4694,3
4784,7
4802,4
4824,9
4850,3
4880,2
4955,2,3
4958,1
4968,9,3
4986,2
5002,4
5042,8
5046,4
5065,2,3
5068,7
5084,6
5113,2
5122,4
5124,4
5129,2,3
5134,4
5136,9
5138,4
5278,4
5308,7
5410,4
5422,7
5430,8
5482,4
5503,9
5516,1
5517,6
5518,9
5538,9
5545,2
5632,6
5673,4
5678,5
5679,3
5691,1
5718,9,4
5720,4
5722,2
5738,3
5754,7
5762,2
5774,6
5787,3
5876,1
5898,9
5936,4
5954,4
5968,7
6050,7
6066,8
6091,7
6170,3
6174,9
6220,4
6250,7
6253,4
6289,2
6291,3
6306,9
6329,4
6345,9
6361,7
6368,9
6418,5
6428,3
6448,4,6
6464,6
6498,8
6519,4
6556,4
6608,4
6636,5
6653,4
6668,9
6669,4
6707,7
6714,4
6753,4
6755,2
6761,4
6810,4
6816,1,8
6848,0,5
6871,7
6887,4
6893,9
6898,3
6914,7
6996,4
7009,4
7011,4
7030,3
7033,7
7036,4
7142,8
7157,9
7168,8
7170,2
7225,3
7233,9
7264,9
7270,6
7308,1,8
7350,4
7406,1
7426,4
7430,9
7434,6
7438,7
7452,6
7510,2
7596,4
7606,8
7638,8
7722,4
7826,4
7854,4
7884,5
7886,9,3
7898,1,2
7920,2
7922,9
7954,0
7972,6
7986,2
7994,7
8006,4
8009,6
8055,3
8084,7
8086,4
8090,7
8093,0
8097,2
8122,3
8170,7
8190,5
8196,7
8218,1
8238,9
8240,4
8257,2
8270,4
8297,7,8
8298,4
8316,9
8384,6
8409,9
8428,2
8449,0
8458,4
8480,1,2
8493,2
8516,7
8518,9
8586,9
8600,4
8634,4
8637,7
8670,2,8
8714,3,9
8736,9
8762,3
8771,3
8799,6
8821,3
8830,3,8
8832,4
8847,9
8849,7
8853,2
8854,4,9
8883,2
8902,9
8904,1,2
8910,7
8912,0
8940,6
8998,9
9075,6
9108,4
9137,4
9186,2
9192,3
9266,2
9279,3
9344,5
9346,9
9370,4
9383,2
9390,9
9401,3
9496,4
9526,6
9532,9
9558,4
9568,5
9633,9
9658,2
9661,8
9740,7
9746,4
9876,9
10003,9
10004,9
10005,0
10028,9
10038,9
10089,6
10146,5
10202,7
10207,2
10215,7
10241,4
10243,7
10245,0
10253,7
10256,2
10260,3
10273,6
10282,3
10287,7
10297,7
10309,7
10317,2
10331,4
10351,4
10382,8,9
10548,7
10573,7
10710,8
10722,9
10753,8
10756,3
10758,4
10759,7
10774,6
10790,6
10850,4
10852,1
10984,3
11016,4
11044,7,4
11074,9,3
11080,7
11126,4
11132,6
11196,9
11447,4
11468,4
11592,6
11611,8
11613,8
11681,8
11740,4
11744,4
11759,6
11767,4
11781,3,8
11797,3
11822,7
11853,9
11861,4
11863,3
11874,3
11886,4
11889,5
11921,3
11937,7
11979,3
11998,8
11999,3
12000,7
12028,4
12038,1
12063,3
12122,4
12151,3
12211,3
12224,4
12268,8,5
12297,9
12305,9
12320,9
12343,4
12352,2
12372,2
12378,8
12485,4
12514,2
12651,9
12654,4
12655,9
12692,5
12711,4
12731,4
12736,5
12744,6
12768,9
12786,4
12790,4
12820,4
12825,9
12834,6
12840,9
12852,9
12860,2
12877,3
12884,9
12948,4
12970,7
12985,2
12989,9
12993,7
12995,3
13002,9
13023,2
13031,2
13056,7
13061,2
13068,4
13080,1
13081,0
13127,3
13131,7
13176,8
13179,2
13182,5
13187,7
13192,7
13200,2
13265,9
13276,5
13326,9
13376,3,5
13394,5
13428,9
13472,9
13548,4
13645,2
13752,9,8
13766,4
13829,5
13842,7
13850,4,9
13854,0,6
13867,7
13883,7
13922,2
13964,6
13996,9,5
14057,9
14058,9
14074,5
14084,2
14096,5
14152,7
14188,4
14210,3
14220,4
14222,9,5
14239,9
14246,7
14281,9
14314,1
14333,3
14337,7
14374,6,1
14388,3
14405,6
14406,8
14440,9,4
14478,8
14504,9
14522,7
14528,4
14542,4
14546,4
14602,4
14619,3
14627,9
14664,8
14681,9
14684,7
14697,8
14700,9,4
14726,9
14740,4,6
14747,6
14753,1
14756,1
14774,4
14790,0,9
14815,9
14825,3
14828,5
14896,8
14940,6
14982,9
15106,7,8
15108,0
15114,6
15180,4
15184,4
15185,2
15209,7
15213,7
15276,7
15320,6
15327,7
15328,2
15342,3
15352,4,6
15386,6,5
15450,6
15468,7
15479,4
15512,9
15521,4
15526,6
15554,7
15574,1
15690,7
15715,2
15743,3
15745,9
15769,3
15779,0
15803,1
15832,9
15848,3
15852,4
15887,2
15890,0
15922,7
15945,3
15954,7
15969,5
15975,5
16019,3
16102,6
16127,4
16130,7,1
16290,4
16298,2
16302,4
16376,1,8
16379,7
16472,2
16510,3
16530,3
16549,3
16578,4
16590,6
16600,4
16621,9
16676,3
16722,1
16748,3
16756,7
16799,9,8
16808,9
16809,7
16823,7
16832,5
16836,7
16875,9,4
16882,7
16964,8
17011,6
17039,2
17055,8
17059,6
17074,4
17079,6
17091,4
17137,2
17192,3
17216,2
17300,4
17410,9
17420,7
17434,2
17450,4
17478,4
17491,3
17492,4
17497,7
17498,4
17513,7
17521,3
17588,3
17591,9,7
17594,8,1
17603,0
17640,4
17663,2
17682,9
17698,9
17730,4
17739,5
17763,2
17791,4
17795,7
17799,9
17817,0,9
17822,4
17842,4
17891,4
17896,4
17913,4
17918,7
17949,4
17958,8,9
17972,9
17988,3
18025,7
18072,1
18088,4
18092,4
18096,6
18122,7
18130,8
18166,9,3
18190,4,1
18215,2
18247,0
18288,8
18311,8
18322,7,3
18324,0
18378,8
18382,9
18438,4
18440,5
18445,4
18475,9
18490,4
18504,7,4
18527,3
18529,9
18562,9
18601,4
18631,2
18638,4
18668,9
18688,9
18706,7
18720,7
18728,9
18751,4
18754,7
18768,1
18846,4
18864,2
18904,6
18950,7
18962,7
19031,2
19034,4
19064,4,9
19076,4
19089,3,5
19211,1
19231,3
19252,4
19272,6,5
19286,4
19328,5,9
19344,7
19345,2
19356,6
19386,3
19404,4
19412,9
19413,3
19430,5
19484,4
19494,9
19501,3
19520,4
19534,7
19539,9
19540,8
19558,9
19660,3
19702,5
19782,1
19814,9,3
19840,4
19842,7
19860,9
19869,7
19886,2
19895,7
19926,2
19934,9,4
19972,9
19995,9
19998,4
20016,3,2
20048,7
20050,9
20054,9
20062,8
20074,4
20110,4
20116,8
20120,5
20165,2
20170,9
20171,5
20172,4,9
20187,6
20211,4,9
20226,7,2
20265,2
20276,4
20280,7
20290,9
20333,9
20350,3,8
20402,9
20460,4
20518,9
20562,9
20572,6,4
20574,4
20578,8
20599,4
20652,4
20676,9
20692,9
20696,4
20735,9,0
20745,6
20771,8
20773,7,9
20792,9
20820,9,8
20830,9
20857,7
20859,8
20903,3
20908,4
20916,6
20932,4
20939,3
20967,2
20976,5
21066,0,8
21086,7
21128,6
21130,9,4
21134,4
21164,2
21174,2
21218,9
21240,7
21302,9
21303,2
21304,4
21307,4
21339,4
21348,6,1
21382,2,0
21393,4
21426,6
21430,4
21431,4
21445,0,9
21452,6
21457,8
21461,4
21474,1
21491,4
21503,4
21510,9
21517,4
21601,1,0
21618,1
21636,2
21642,4
21700,7
21712,6
21728,6
21752,6
21786,9
21816,7
21856,6
21889,1,8
21968,4
22034,4,7
22071,4
22081,9
22094,7
22155,3
22169,2
22177,2
22199,2
22210,6
22217,2
22229,2
22240,6
22273,4
22390,9
22400,4
22442,2
22497,7
22504,4
22514,9
22529,0
22538,1
22559,6
22561,6,8
22563,4
22595,4,8
22607,8,4
22632,1
22633,5,6
22643,3,2
22664,9,8
22666,4
22670,4
22675,3
22680,5
22699,4
22701,2
22715,3
22725,9
22747,4
22759,7
22767,3
22771,4
22792,2
22803,6
22804,9
22834,6
22843,4
22882,0
22884,2,8
22916,1
23008,8
23016,9,4
23059,1
23062,9
23086,8
23089,0,2
23090,9
23106,2
23140,7
23188,4
23259,7
23272,4
23317,6
23384,5
23406,4,9
23411,4
23463,9
23478,4
23538,4,9
23578,2
23604,1
23618,9,4
23660,1
23682,9
23730,2,3
23807,9
23824,5
23978,7
23990,9
24018,4
24055,2
24056,5
24070,1
24112,8
24128,5
24154,4
24180,5
24219,3
24258,4
24263,9
24278,3
24363,6
24489,9
24527,4
24530,4
24542,4
24543,4
24613,9
24614,5
24624,1
24660,5
24703,4
24726,6
24761,4
24767,4
24794,2
24808,1
24810,4
24864,5
24878,7
24898,9
24906,3
24922,4
25014,4
25034,3
25048,4
25068,6
25092,0
25096,5
25100,4
25116,3
25122,2
25140,7
25158,5
25168,9
25176,4,6
25210,3
25220,2
25224,9
25287,1
25307,1,8
25318,2
25446,9
25470,4
25498,4
25508,5
25520,6
25528,9
25604,4
25608,6
25620,8
25683,2
25706,9
25708,3
25722,4,7
25748,7
25799,9,8
25829,3
25888,7
25903,4
25909,9
25910,1
25912,2
25971,4
26017,5,3
26048,3
26050,3
26090,8
26134,5
26166,4
26170,2
26177,9
26206,5
26214,9
26358,3
26391,3
26398,5
26442,7
26444,1
26470,6
26471,8,5
26506,4
26513,9
26515,8
26516,6
26544,4
26588,4
26600,7
26618,4
26622,6
26640,9,3
26658,2
26749,7,9
26766,6
26804,8
26834,9
26850,2
26909,3
26940,6,8
26964,7
27044,4
27164,9
27180,4,9
27225,7
27226,9
27287,3
27346,4
27370,9
27403,5
27423,3
27443,3
27468,7
27538,4
27545,8
27614,2
27674,6
27686,4
27706,7,9
27767,5
27791,2
27812,6
27837,7
27852,2
27859,0
27880,2
27883,2
27901,4
27919,4
27939,4
28020,4
28052,2
28102,0
28109,4
28121,4
28135,2
28149,9
28152,6
28182,8
28304,4
28368,9
28374,3
28396,9
28398,4
28413,5
28417,7
28436,2
28463,9
28520,7
28536,3
28556,4
28578,4
28592,9
28617,5
28632,7
28652,4,9
28670,7
28674,9
28685,2
28696,7
28700,4
28712,8
28778,3,5
28801,2
28810,6
28823,4
28880,7
28914,4
28933,7
28980,4
28984,9
29041,1,9
29050,2
29094,3
29121,3,2
29124,9
29130,4
29167,2
29185,3
29196,4
29201,9
29202,7
29206,1,4
29212,7
29217,6
29226,6
29238,7,9
29249,3
29256,4
29258,4
29264,5
29286,9
29298,7
29320,1
29321,4
29322,9
29345,0
29358,4
29372,4,9
29377,1
29381,8
29391,3
29418,4
29426,9
29440,7
29450,7
29476,3
29588,4,6
29610,3
29633,7
29670,3
29672,8,9
29690,4
29721,4
29750,0
29761,4
29792,4
29803,6
29821,9
29827,4,7
29843,6
29850,7
29859,7
29866,4
29868,9
29875,3
29881,6
29890,5
29900,7
29903,0
29938,9
29959,9
29996,9
30011,3
30022,9
30085,9
30103,9
30123,8,0
30130,3
30144,9,0
30183,3
30432,7
30451,8
30452,9
30463,4
30466,6
30468,3
30508,1
30533,2
30538,7
30588,4
30630,6
30658,4
30660,9
30696,9
30704,9
30742,1
30751,0
30758,9
30770,6
30795,4
30804,9
30811,2
30818,6
30831,2
30861,4
30872,2
30885,3
30897,3
30900,5
30952,7
30953,4
31016,2
31072,9
31094,9
31100,7
31103,8
31184,9
31185,2
31198,1
31225,9
31252,5
31274,3
31295,9
31310,0,8
31312,9
31339,6
31345,3
31366,1,8
31395,3
31396,7
31404,3
31460,7
31482,3
31546,2
31557,6
31576,7
31594,7
31609,2
31629,6
31669,4
31675,9
31712,7
31777,4
31793,4
31817,4
31818,9
31822,9
31844,7
31850,7,3
31854,9
31856,6
31883,4
31885,4
31940,4
31942,9
31954,6,8
31962,3
31984,4
32002,6
32020,4
32030,8
32037,4
32047,9
32065,2
32108,4,0
32122,7
32152,9
32173,7
32188,4
32190,7
32202,2
32244,8
32256,9
32262,4
32269,2
32282,7
32297,2
32305,6
32321,4
32328,4
32344,5
32346,7
32382,2
32416,7
32419,4,9
32519,5
32558,4,9
32640,2
32668,9,3
32673,4
32700,7
32735,8
32766,8
32787,4
32814,1
32829,4
32835,7
32865,4
32890,1
32911,4
32918,2
32997,4
33017,7
33027,2
33055,6
33107,7
33126,9
33145,3
33182,9
33189,3
33226,9
33242,6
33246,9
33262,4
33362,7
33388,8,9
33443,9,8
33476,8
33506,1,4
33570,8
33576,9
33596,1
33626,6,4
33664,8
33718,4
33737,7
33780,8
33789,0
33805,4
33816,4
33830,7
33856,1
33860,9
33900,4
33906,2
33974,9,5
34010,1,3
34048,3,2
34052,9
34122,5
34176,9
34186,6
34294,4
34352,0
34385,2
34402,1
34428,4
34430,4
34439,9
34445,7
34486,0
34496,9
34542,1
34546,6
34583,7
34608,9
34615,9
34616,9
34640,1
34677,7
34685,3
34694,9
34702,7
34740,3
34743,9
34750,9
34761,9
34808,4
34824,9
34885,9
34942,9
34968,8
35032,7
35062,5
35098,4
35142,4
35178,4
35205,6
35236,1
35246,8
35263,4
35310,6
35316,7
35360,1
35401,3
35402,4
35405,2
35470,6
35482,4
35486,3
35490,4
35498,3
35538,1
35543,9
35593,9
35594,7
35606,2
35632,0
35656,4
35688,3
35696,7
35716,4
35736,6
35754,7
35774,1
35836,9
35847,8
35877,9
35878,9
35904,4
35931,4
36049,6
36058,9
36109,9
36126,5
36141,1
36151,4
36152,7
36202,4
36263,3
36314,4
36357,3
36363,6
36364,4
36417,6
36427,3
36439,6
36466,4
36473,8
36475,2
36486,9
36494,4
36497,9
36515,3
36525,3
36526,9
36548,4
36573,2
36596,4
36599,5
36615,7
36653,6
36668,4
36704,2
36760,0,7
36766,6
36767,7
36774,5
36836,4
36852,3
36880,9
36916,7
36956,1
37026,3,9
37044,6
37048,9
37060,9
37076,4
37080,4
37147,7
37161,3
37176,4
37194,6
37272,4
37281,2,8
37328,4
37336,6
37352,9
37358,5
37373,3
37383,3
37392,4
37395,4
37402,7
37427,9,2
37430,9
37450,4,7
37466,9
37468,2,3
37477,6
37481,2
37491,2
37502,6
37558,5
37588,2
37648,4
37688,9
37702,9
37712,4
37722,4
37769,7
37773,9
37871,7
37877,9
37879,9
38015,7
38031,9
38052,4
38080,2
38143,2
38147,4
38165,5
38169,4
38170,2
38171,2
38188,4
38203,4
38223,3
38227,4
38230,9,3
38284,4
38296,4
38316,4
38329,7
38336,4
38349,7
38363,4
38370,6,4
38374,7,1
38389,7
38390,6
38391,8
38498,4
38506,7
38510,8
38518,4
38520,3
38524,4
38582,1
38583,4
38630,4
38638,8
38647,9
38654,4
38658,5
38672,7
38688,7
38693,0
38700,7
38718,1
38891,4
38920,7
38922,4
38969,9
38980,6
39038,7
39088,7
39101,4
39107,7
39114,5
39123,4
39162,2
39239,4
39260,6,0
39276,7
39289,7
39293,9
39301,3
39308,8
39316,7
39320,6
39329,3
39363,0
39370,9
39375,4
39377,5,9
39397,3
39404,4
39406,6
39410,5
39425,7,9
39461,3
39464,9
39474,0
39480,9
39522,4
39526,5
39589,6
39659,7
39674,4
39683,6,0
39697,6
39709,6
39767,6
39776,1
39816,9
39818,1
39855,3
39863,7,9
39864,8
39926,8
39943,4
39979,2
39983,4
39990,4
40046,7
40067,7
40076,2
40136,9
40216,7
40226,4
40236,4
40304,6
40308,7
40363,4
40370,7
40378,7,2
40382,3
40465,7
40480,3
40536,2
40576,4
40581,2
40590,7
40621,4
40638,7
40644,1
40646,8
40660,4
40671,4
40677,4
40703,4
40704,5
40775,6
40793,4
40827,4
40835,4
40874,6
41002,7
41020,4
41068,4
41072,5
41079,4
41134,6
41192,4
41199,9
41254,9
41270,9
41274,9
41276,2,7
41283,3
41284,7
41287,3
41290,2
41292,2
41323,6
41334,9
41336,7
41377,9
41396,8
41424,1
41426,4
41456,4
41500,6
41509,5
41515,3
41540,2
41556,0
41594,4,9
41626,4
41644,9
41688,6
41699,8
41722,4
41774,4
41788,7
41816,1
41892,7
41944,1
41998,2,7
42059,9
42099,4
42161,3
42180,0
42206,2
42216,4
42314,8,1
42344,9
42356,9
42357,4
42367,9
42382,4
42411,4
42425,4
42437,9
42438,9,3
42526,3
42547,4
42669,3
42707,3
42723,6
42742,4
42782,7
42789,2
42793,4
42826,7,9
42844,7
42890,9
42892,7
42931,3
42933,4
42953,4
42973,4,0
43001,9
43034,9,5
43052,7
43069,8
43072,8
43123,4
43150,4
43174,9,7
43191,2
43194,8
43238,7
43248,9
43542,7
43592,6
43596,9
43618,7
43670,7,3
43686,7
43688,4
43740,4
43852,2
43860,7
43865,3
43916,9
43934,4
43987,4
44011,6
44046,1
44154,9
44238,6
44287,6
44294,4,9
44365,6
44386,4
44462,3
44552,7
44584,4
44620,4
44626,7
44629,0
44636,4
44640,7
44685,4
44694,4
44765,4
44771,4
44822,9
44836,7
44850,4
44853,7
44865,7
44894,4
44903,3
44914,7
44926,9
44942,4
44961,8
44969,3,2
44972,7
45005,3
45012,5
45038,4
45043,3,2
45062,9
45069,4
45079,3
45094,2
45114,7
45121,4
45143,1
45168,8
45176,9
45201,9
45238,4,9
45250,5
45422,0
45428,7
45454,8
45455,0
45509,3
45528,9
45532,1
45550,4
45580,6
45582,5
45590,4
45614,6
45615,7
45616,0,5
45652,7
45653,8
45666,1
45714,2
45720,7
45740,4
45760,0
45784,9
45807,7
45842,8
45868,2,7
45876,4
45901,7
45917,9
45933,5
45967,7
45982,4
46015,1
46021,9
46033,4,9
46052,4
46058,1
46073,5
46078,7,1
46088,6,8
46122,2
46132,7
46154,8
46164,4
46167,6
46174,7
46238,9
46241,3
46242,3
46245,4
46248,7
46288,2,9
46298,9,4
46308,9
46316,9
46324,4
46394,2
46406,3
46426,7
46432,6
46458,5
46466,7
46524,6
46537,9
46547,1
46580,6
46648,7
46709,3
46712,4
46727,2
46728,4
46744,7
46756,8
46815,3
46887,2
46895,5
46906,7
46938,7
46956,2
46976,6,4
47004,1
47110,7
47159,4
47211,4
47227,7,9
47234,1
47244,9
47264,7,9
47291,1
47292,9
47317,8,1
47328,8
47399,7
47417,7
47443,2
47475,5
47479,0,2
47506,8
47534,2
47558,4
47588,9
47600,9
47613,7
47651,3
47690,0
47781,3
47826,4
47870,9
47888,8
47918,7,9
47949,5
47951,5
47966,2
48038,3
48090,6
48095,7
48166,7
48194,4
48216,4
48228,7
48245,9
48265,9
48270,2
48282,4
48292,2
48352,3
48360,3
48370,6
48382,8
48384,9
48397,5
48464,1
48470,4
48486,4,9
48507,6
48520,4
48521,3
48524,9
48527,2
48548,9
48568,6
48603,9
48649,6,5
48660,4
48664,1
48681,2
48694,7
48712,7
48736,7
48758,9
48786,4
48802,9
48811,2
48862,1,8
48876,4
48890,4
48900,1
48912,2
48933,2
48938,9
48940,9
48948,7
48957,4
48968,9
48975,2,8
48976,7
48990,4
48994,6
49002,1,4
49005,4
49006,3,5
49012,7
49014,0
49070,2
49078,4
49120,7
49128,9
49143,9,7
49216,6
49226,9
49398,4
49408,2
49416,2
49463,0
49474,2
49475,2
49476,5
49488,1
49514,9,4
49515,2,0
49544,9
49571,7
49574,9
49590,7
49598,2
49609,4
49612,1
49616,7
49624,6
49638,3
49656,9
49665,4
49666,7
49692,4
49701,8
49741,4
49753,4
49850,4
49889,0
49893,3
49902,1
49925,9
49926,3
49927,1
49945,9
49967,4
49998,4
50005,4
50038,7
50049,4
50050,4
50078,9
50086,6
50154,4
50228,9
50233,7
50239,0,9
50267,4
50274,8
50322,5
50346,8
50355,6
50370,7
50414,9,3
50417,3
50467,9
50500,3
50509,6
50528,9
50537,9
50557,9
50564,4
50618,6
50632,1
50664,7
50698,0,9
50710,9
50712,4
50740,8
50751,1
50757,4
50768,5
50773,2
50797,1
50801,4
50826,2
50835,4
50841,4
50849,7
50855,1
50856,6
50907,1
50908,9
50910,7
50916,4
50917,4
50937,4
51004,7
51049,4
51077,4
51081,4
51104,8
51162,7
51180,7
51204,7
51234,5
51263,4
51280,9,4
51284,9
51298,5
51312,4
51337,4
51338,4
51357,2
51383,4
51396,4
51453,4
51508,6
51515,4
51524,5
51584,9
51593,4
51622,4
51660,2
51681,6
51783,9
51794,5
51893,4
51903,3
51930,9
51939,4
51988,7
52084,1
52099,2
52127,9
52140,4
52197,6
52233,6
52236,9
52261,7
52275,6
52358,2
52389,8
52394,3
52456,2
52499,4
52506,9
52516,6
52580,4
52600,4
52631,4
52686,5
52703,4
52738,1
52744,7
52756,4
52800,3,9
52808,8
52812,2
52814,9
52852,4
52895,5
52914,5,3
52937,7
52940,3
52953,2,8
52975,2
52978,0
53052,4
53062,4
53063,6,5
53080,1
53098,1,8
53112,8
53130,4
53196,9
53242,7
53280,9
53320,6
53362,4
53384,4
53390,2
53396,9
53403,0
53476,4
53496,9
53498,1
53525,7
53549,7
53597,9
53616,9
53643,7
53680,7,9
53682,9
53694,7
53710,4
53852,7
53856,4
53864,8
53867,4
53873,4
53903,3
53911,7
53930,1
53975,3
53976,9,8
53979,8
54011,7,2
54046,4
54064,9
54065,7
54097,7,9
54118,7
54187,4
54212,7
54264,4,1
54278,7
54296,3,8
54312,9
54357,3
54377,3
54410,4
54412,4
54452,4
54506,2,1
54520,9
54521,4
54531,3
54542,7
54603,3
54616,3
54623,7
54634,4
54654,8
54656,8
54707,3
54777,4
54778,4
54814,4
54826,4
54834,2
54858,3
54860,9
54890,7
54906,4
54917,7
54932,5
54951,2
54954,8
54983,3
54984,9
55028,3
55034,7
55052,7
55060,5,3
55168,6,8
55240,9
55282,4
55318,4
55319,2
55330,8
55368,8
55374,7
55418,4
55456,6
55480,7
55538,4
55539,9
55552,4
55564,4
55570,9
55598,4,9
55606,8
55630,4
55636,9
55648,9
55729,3,5
55739,5,6
55743,3
55792,9,3
55833,2
55862,2
55898,4
55906,2
55918,7
56004,8
56006,3
56088,2
56156,9
56162,6
56184,4
56190,4
56212,9
56213,2
56225,3
56245,3
56271,9
56303,9
56320,4
56324,3
56348,9
56364,4
56380,4
56391,3
56427,2
56453,7
56464,9
56486,9
56487,9
56488,3
56496,4
56564,4
56648,4
56672,1,8
56714,1
56737,1
56802,4
56878,6
56914,0
56992,7
56998,2
57041,0,9
57076,1,4
57082,4,9
57159,9
57177,7
57211,5
57256,6,5
57276,8
57280,7
57290,9
57294,9
57302,5
57311,5
57315,8
57342,2
57378,1
57380,7
57457,3
57507,0
57573,2
57602,8
57630,4
57667,9
57700,0
57706,4
57713,4
57732,9
57764,6
57766,3
57873,4
57875,4
57882,0
57890,2
57913,9
57954,6
57955,8
57976,2
57994,6
58022,1,7
58050,6
58057,4
58094,7
58111,6
58246,6
58272,7
58316,0
58344,9
58349,7
58422,9
58429,2
58430,6
58484,9
58539,9
58551,4
58603,4
58626,6
58692,9
58783,2
58802,5
58833,4
58850,9
58874,3
58892,3
58931,3
58947,4
59047,4
59106,4
59158,3
59314,9
59368,5
59382,1
59392,4
59400,5
59401,4
59414,1
59420,0
59460,1
59516,7
59544,8
59633,9
59653,9,0
59656,9
59663,8
59726,5
59747,5
59992,9
